# time, NonControlledInfectedClasses, ControlledInfectedClasses
0.000000000000000000e+00,2.878000000000000000e+03,2.878000000000000000e+03
1.002785515320334220e+00,3.064149654047259446e+03,3.035290577427405879e+03
2.005571030640668440e+00,3.230505272836224776e+03,3.130614317527855746e+03
3.008356545961002659e+00,3.377688231501989321e+03,3.182436913019592794e+03
4.011142061281336879e+00,3.506727295082415367e+03,3.203895042446017669e+03
5.013927576601671099e+00,3.618876985728147702e+03,3.204226684868478515e+03
6.016713091922005319e+00,3.715495961249177526e+03,3.189884771951055882e+03
7.019498607242339538e+00,3.797966768596868860e+03,3.165362916468595358e+03
8.022284122562673758e+00,3.867644077372031916e+03,3.133789623633471820e+03
9.025069637883007090e+00,3.925822463025960133e+03,3.097347700881510718e+03
1.002785515320334220e+01,3.973717549930978748e+03,3.057566600379620468e+03
1.103064066852367731e+01,4.012456221181284491e+03,3.015524537502594285e+03
1.203342618384401064e+01,4.043072916465824164e+03,2.971987515529475331e+03
1.303621169916434397e+01,4.066509951725603969e+03,2.927504706442270617e+03
1.403899721448467908e+01,4.083620428612672185e+03,2.882473853303342821e+03
1.504178272980501418e+01,4.095172743508876920e+03,2.837186163268288510e+03
1.604456824512534752e+01,4.101856014027303900e+03,2.791857206531587508e+03
1.704735376044568085e+01,4.104285956247880677e+03,2.746648275699968508e+03
1.805013927576601418e+01,4.103010896604530899e+03,2.701681238555021082e+03
1.905292479108635106e+01,4.098517707858321955e+03,2.657048944591771942e+03
2.005571030640668440e+01,4.091237532499950248e+03,2.612822583627109907e+03
2.105849582172701773e+01,4.081551208642002621e+03,2.569056945562092551e+03
2.206128133704735461e+01,4.069794349551669711e+03,2.525794226248573978e+03
2.306406685236768794e+01,4.056262053027924594e+03,2.483066818718998093e+03
2.406685236768802127e+01,4.041213234063866366e+03,2.440899389946716838e+03
2.506963788300835461e+01,4.024874585921954804e+03,2.399310449183826677e+03
2.607242339832868794e+01,4.007444182490291496e+03,2.358313550136900631e+03
2.707520891364902482e+01,3.989094739719843346e+03,2.317918225908058503e+03
2.807799442896935815e+01,3.969976556877474195e+03,2.278130726092234909e+03
2.908077994428969149e+01,3.950220159869486451e+03,2.238954605200053265e+03
3.008356545961002837e+01,3.929938669413862954e+03,2.200391197654371354e+03
3.108635097493036170e+01,3.909229916669189151e+03,2.162440004958539703e+03
3.208913649025069503e+01,3.888178328283841893e+03,2.125099013957496027e+03
3.309192200557102836e+01,3.866856601870109444e+03,2.088364960319380316e+03
3.409470752089136170e+01,3.845327191750581733e+03,2.052233547425949837e+03
3.509749303621169503e+01,3.823643623552878580e+03,2.016699629442981859e+03
3.610027855153202836e+01,3.801851654904765383e+03,1.981757365019735744e+03
3.710306406685236880e+01,3.779990298148850798e+03,1.947400346592766482e+03
3.810584958217270213e+01,3.758092719685600059e+03,1.913621709370923327e+03
3.910863509749303546e+01,3.736187029287006226e+03,1.880414223325016792e+03
4.011142061281336879e+01,3.714296971515497717e+03,1.847770370912600583e+03
4.111420612813370212e+01,3.692442530242818520e+03,1.815682412964519926e+03
4.211699164345403545e+01,3.670640456196991181e+03,1.784142445057221039e+03
4.311977715877436879e+01,3.648904726474409472e+03,1.753143248994809255e+03
4.412256267409470922e+01,3.627246944038841320e+03,1.722680361909658814e+03
4.512534818941504255e+01,3.605676684388249669e+03,1.692749207412808346e+03
4.612813370473537589e+01,3.584201795801380740e+03,1.663343356349862233e+03
4.713091922005570922e+01,3.562828658875756901e+03,1.634455271258092125e+03
4.813370473537604255e+01,3.541562410433303285e+03,1.606076933573955557e+03
4.913649025069637588e+01,3.520407136295228156e+03,1.578200120295555507e+03
5.013927576601670921e+01,3.499366036909816557e+03,1.550816536107738330e+03
5.114206128133704254e+01,3.478441569351209637e+03,1.523917882628538791e+03
5.214484679665737588e+01,3.457635568789907211e+03,1.497495898308997084e+03
5.314763231197771631e+01,3.436949352162550440e+03,1.471542383431422195e+03
5.415041782729804964e+01,3.416383806435703264e+03,1.446049216826610291e+03
5.515320334261838298e+01,3.395939463562155197e+03,1.421008367575936745e+03
5.615598885793871631e+01,3.375616563965254500e+03,1.396411903441604636e+03
5.715877437325904964e+01,3.355415110153739079e+03,1.372251997029688482e+03
5.816155988857938297e+01,3.335334911863501020e+03,1.348520930306254286e+03
5.916434540389971630e+01,3.315375623940873083e+03,1.325211097872889468e+03
6.016713091922005674e+01,3.295536778021907594e+03,1.302315009281441235e+03
6.116991643454039007e+01,3.275817808921349297e+03,1.279825290588906228e+03
6.217270194986072340e+01,3.256218076521517560e+03,1.257734685301925083e+03
6.317548746518105673e+01,3.236736883843167561e+03,1.236036054825486644e+03
6.417827298050139007e+01,3.217373491885886324e+03,1.214722378506972063e+03
6.518105849582173050e+01,3.198127131743109658e+03,1.193786753347495505e+03
6.618384401114205673e+01,3.178997014425044199e+03,1.173222393432967692e+03
6.718662952646239717e+01,3.159982338760350103e+03,1.153022629145430528e+03
6.818941504178272339e+01,3.141082297693315468e+03,1.133180906186599941e+03
6.919220055710306383e+01,3.122296083246333637e+03,1.113690784445606596e+03
7.019498607242339006e+01,3.103622890377009753e+03,1.094545936744006212e+03
7.119777158774373049e+01,3.085061919924244194e+03,1.075740147480195674e+03
7.220055710306405672e+01,3.066612380807579484e+03,1.057267311192741772e+03
7.320334261838439716e+01,3.048273491618234402e+03,1.039121431059789757e+03
7.420612813370473759e+01,3.030044481718124189e+03,1.021296617349015605e+03
7.520891364902506382e+01,3.011924591944204167e+03,1.003787085830283786e+03
7.621169916434540426e+01,2.993913074999317359e+03,9.865871561612779033e+02
7.721448467966573048e+01,2.976009195596970585e+03,9.696912502547512531e+02
7.821727019498607092e+01,2.958212230415785598e+03,9.530938906346259500e+02
7.922005571030639715e+01,2.940521467909469266e+03,9.367896987868820133e+02
8.022284122562673758e+01,2.922936208009813527e+03,9.207733935101409770e+02
8.122562674094707802e+01,2.905455761753197748e+03,9.050397892709163443e+02
8.222841225626740425e+01,2.888079450855166669e+03,8.895837945732698699e+02
8.323119777158774468e+01,2.870806607252735375e+03,8.744004104284097139e+02
8.423398328690807091e+01,2.853636572629962757e+03,8.594847289265371728e+02
8.523676880222841135e+01,2.836568697938937476e+03,8.448319313046880552e+02
8.623955431754873757e+01,2.819602342925496487e+03,8.304372863003526390e+02
8.724233983286907801e+01,2.802736875666712876e+03,8.162961486435503957e+02
8.824512534818941845e+01,2.785971672125288023e+03,8.024039575571348450e+02
8.924791086350974467e+01,2.769306115724466508e+03,7.887562352623557445e+02
9.025069637883008511e+01,2.752739596945873018e+03,7.753485854970615492e+02
9.125348189415041134e+01,2.736271512951676414e+03,7.621766920514384083e+02
9.225626740947075177e+01,2.719901267231733982e+03,7.492363173238153422e+02
9.325905292479107800e+01,2.703628269275765888e+03,7.365233008978358384e+02
9.426183844011141844e+01,2.687451934270145102e+03,7.240335581417128878e+02
9.526462395543174466e+01,2.671371682818567024e+03,7.117630788299778715e+02
9.626740947075208510e+01,2.655386940685593345e+03,6.997079257879350962e+02
9.727019498607242554e+01,2.639497138561920110e+03,6.878642335588978085e+02
9.827298050139275176e+01,2.623701711850088031e+03,6.762282070941753318e+02
9.927576601671309220e+01,2.608000100469313566e+03,6.647961204657050303e+02
1.002785515320334184e+02,2.592391748678079239e+03,6.535643156011635710e+02
1.012813370473537589e+02,2.576876104913145809e+03,6.425292010413534172e+02
1.022841225626740851e+02,2.561452621643662496e+03,6.316872507196253537e+02
1.032869080779944255e+02,2.546120755239110622e+03,6.210350027630740897e+02
1.042896935933147518e+02,2.530879965849865584e+03,6.105690583152295403e+02
1.052924791086350922e+02,2.515729717299230288e+03,6.002860803799478617e+02
1.062952646239554326e+02,2.500669476985862730e+03,5.901827926861997184e+02
1.072980501392757589e+02,2.485698715795593216e+03,5.802559785734431443e+02
1.083008356545960993e+02,2.470816908021703057e+03,5.705024798972652889e+02
1.093036211699164255e+02,2.456023531292802090e+03,5.609191959549704052e+02
1.103064066852367660e+02,2.441318066507517869e+03,5.515030824307940520e+02
1.113091922005570922e+02,2.426699997775280281e+03,5.422511503604171139e+02
1.123119777158774326e+02,2.412168812362535846e+03,5.331604651144585887e+02
1.133147632311977731e+02,2.397724000643810086e+03,5.242281454006241574e+02
1.143175487465180993e+02,2.383365056057064976e+03,5.154513622841908500e+02
1.153203342618384397e+02,2.369091475062873542e+03,5.068273382265109603e+02
1.163231197771587659e+02,2.354902757106977333e+03,4.983533461412204133e+02
1.173259052924791064e+02,2.340798404585827484e+03,4.900267084678376364e+02
1.183286908077994326e+02,2.326777922814763770e+03,4.818447962624379670e+02
1.193314763231197730e+02,2.312840819998516054e+03,4.738050283050827147e+02
1.203342618384401135e+02,2.298986607203757558e+03,4.659048702236760846e+02
1.213370473537604397e+02,2.285214798333448016e+03,4.581418336339497728e+02
1.223398328690807801e+02,2.271524910102761169e+03,4.505134752954298847e+02
1.233426183844011064e+02,2.257916462016395599e+03,4.430173962838292709e+02
1.243454038997214468e+02,2.244388976347098833e+03,4.356512411782050549e+02
1.253481894150417730e+02,2.230941978115254642e+03,4.284126972562768287e+02
1.263509749303621135e+02,2.217574995069397573e+03,4.212994937094048851e+02
1.273537604456824397e+02,2.204287557667544206e+03,4.143094008832813415e+02
1.283565459610027801e+02,2.191079199059231541e+03,4.074402295843393063e+02
1.293593314763231206e+02,2.177949455068178395e+03,4.006898304295294793e+02
1.303621169916434610e+02,2.164897864175490668e+03,3.940560929340230132e+02
1.313649025069637730e+02,2.151923967503340918e+03,3.875369447579527105e+02
1.323676880222841135e+02,2.139027308799064031e+03,3.811303510301699475e+02
1.333704735376044539e+02,2.126207434419618039e+03,3.748343136815112757e+02
1.343732590529247943e+02,2.113463893316366011e+03,3.686468707833140570e+02
1.353760445682451063e+02,2.100796237020136687e+03,3.625660958931393338e+02
1.363788300835654468e+02,2.088204019626538411e+03,3.565900974097831977e+02
1.373816155988857872e+02,2.075686797781486803e+03,3.507170179387995290e+02
1.383844011142061277e+02,2.063244130666933415e+03,3.449450336690912877e+02
1.393871866295264681e+02,2.050875579986762204e+03,3.392723537607450908e+02
1.403899721448467801e+02,2.038580709952849702e+03,3.336972197440918535e+02
1.413927576601671205e+02,2.026359087271254793e+03,3.282179049298754308e+02
1.423955431754874610e+02,2.014210281128547194e+03,3.228327138303483252e+02
1.433983286908078014e+02,2.002133863178240972e+03,3.175399815910602115e+02
1.444011142061281134e+02,1.990129407527341073e+03,3.123380734330389714e+02
1.454038997214484539e+02,1.978196490722986255e+03,3.072253841049816288e+02
1.464066852367687943e+02,1.966334691739180698e+03,3.022003373449514356e+02
1.474094707520891347e+02,1.954543591963614062e+03,2.972613853509101887e+02
1.484122562674094752e+02,1.942822775184560214e+03,2.924070082591711639e+02
1.494150417827297872e+02,1.931171827577852582e+03,2.876357136295214900e+02
1.504178272980501276e+02,1.919590337693932270e+03,2.829460359352875685e+02
1.514206128133704681e+02,1.908077896444966882e+03,2.783365360559686792e+02
1.524233983286908085e+02,1.896634097092037109e+03,2.738058007691960825e+02
1.534261838440111489e+02,1.885258535232386748e+03,2.693524422376522693e+02
1.544289693593314610e+02,1.873950808786739344e+03,2.649750974852071863e+02
1.554317548746518014e+02,1.862710517986677360e+03,2.606724278549952487e+02
1.564345403899721418e+02,1.851537265362080689e+03,2.564431184407789033e+02
1.574373259052924823e+02,1.840430655728628153e+03,2.522858774824941861e+02
1.584401114206127943e+02,1.829390296175356980e+03,2.481994357190498306e+02
1.594428969359331347e+02,1.818415796052283440e+03,2.441825456997853507e+02
1.604456824512534752e+02,1.807506766958080334e+03,2.402339810775532669e+02
1.614484679665738156e+02,1.796662822727814273e+03,2.363525359550264398e+02
1.624512534818941560e+02,1.785883579420739579e+03,2.325370244582186956e+02
1.634540389972144681e+02,1.775168655308151301e+03,2.287862809181641808e+02
1.644568245125348085e+02,1.764517670861294164e+03,2.250991614492784549e+02
1.654596100278551489e+02,1.753930248739329727e+03,2.214746211366907005e+02
1.664623955431754894e+02,1.743406013777359931e+03,2.179120412327256702e+02
1.674651810584958014e+02,1.732944592974508623e+03,2.144112628654632431e+02
1.684679665738161418e+02,1.722545615482058111e+03,2.109718814714795769e+02
1.694707520891364823e+02,1.712208712591643916e+03,2.075932232963009483e+02
1.704735376044568227e+02,1.701933517723503655e+03,2.042744633173694808e+02
1.714763231197771631e+02,1.691719666414785934e+03,2.010146903337783613e+02
1.724791086350974751e+02,1.681566796307912227e+03,1.978129449056294220e+02
1.734818941504178156e+02,1.671474547138995376e+03,1.946682424897799422e+02
1.744846796657381560e+02,1.661442560726315378e+03,1.915795881414514099e+02
1.754874651810584965e+02,1.651470480958850203e+03,1.885459858236359878e+02
1.764902506963788369e+02,1.641557953784861866e+03,1.855664444968704174e+02
1.774930362116991489e+02,1.631704627200539335e+03,1.826399821525382094e+02
1.784958217270194893e+02,1.621910151238694880e+03,1.797656284046600490e+02
1.794986072423398298e+02,1.612174177957518395e+03,1.769424262203316118e+02
1.805013927576601702e+02,1.602496361429384251e+03,1.741694330473620198e+02
1.815041782729804822e+02,1.592876357729714982e+03,1.714457214737506661e+02
1.825069637883008227e+02,1.583313824925898643e+03,1.687703796581653535e+02
1.835097493036211631e+02,1.573808423066263003e+03,1.661425115622179192e+02
1.845125348189415035e+02,1.564359814169099991e+03,1.635612370403870273e+02
1.855153203342618440e+02,1.554967662211749939e+03,1.610256918345614849e+02
1.865181058495821560e+02,1.545631633119735625e+03,1.585350275010341079e+02
1.875208913649024964e+02,1.536351394755953379e+03,1.560884112888591346e+02
1.885236768802228369e+02,1.527126616909915811e+03,1.536850259831124390e+02
1.895264623955431773e+02,1.517956971287049782e+03,1.513240697229467173e+02
1.905292479108634893e+02,1.508842131498047820e+03,1.490047557994849114e+02
1.915320334261838298e+02,1.499781773048271361e+03,1.467263124348764620e+02
1.925348189415041702e+02,1.490775573327209031e+03,1.444879825579756414e+02
1.935376044568245106e+02,1.481823211597987211e+03,1.422890235749716226e+02
1.945403899721448511e+02,1.472924368986933587e+03,1.401287071307315841e+02
1.955431754874651631e+02,1.464078728473192314e+03,1.380063188669172405e+02
1.965459610027855035e+02,1.455285974878392381e+03,1.359211581777531137e+02
1.975487465181058440e+02,1.446545794856369866e+03,1.338725379657408041e+02
1.985515320334261844e+02,1.437857876882938399e+03,1.318597844080755692e+02
1.995543175487464964e+02,1.429221911245716001e+03,1.298822367083576523e+02
2.005571030640668369e+02,1.420637590033998777e+03,1.279392468532695091e+02
2.015598885793871773e+02,1.412104607128690986e+03,1.260301793778180723e+02
2.025626740947075177e+02,1.403622658192282643e+03,1.241544111311237373e+02
2.035654596100278582e+02,1.395191440658879856e+03,1.223113310438658772e+02
2.045682451253481702e+02,1.386810653724286567e+03,1.205003398987342962e+02
2.055710306406685106e+02,1.378479998336134940e+03,1.187208501042029241e+02
2.065738161559888511e+02,1.370199177184068276e+03,1.169722854717664546e+02
2.075766016713091915e+02,1.361967894689973946e+03,1.152540809967416635e+02
2.085793871866295035e+02,1.353785856998264990e+03,1.135656826427099730e+02
2.095821727019498439e+02,1.345652771966213550e+03,1.119065471296536600e+02
2.105849582172701844e+02,1.337568349154332282e+03,1.102761417258199401e+02
2.115877437325905248e+02,1.329532299816806699e+03,1.086739440433317441e+02
2.125905292479108653e+02,1.321544336891975945e+03,1.070994418375517938e+02
2.135933147632311773e+02,1.313604174992863591e+03,1.055521328101912104e+02
2.145961002785515177e+02,1.305711530397755268e+03,1.040315244161396322e+02
2.155988857938718581e+02,1.297866121040828375e+03,1.025371336740132620e+02
2.166016713091921986e+02,1.290067666502827251e+03,1.010684869806677000e+02
2.176044568245125390e+02,1.282315888001787698e+03,9.962511992929171356e+01
2.186072423398328510e+02,1.274610508383811521e+03,9.820657712908766257e+01
2.196100278551531915e+02,1.266951252113884721e+03,9.681241203161678754e+01
2.206128133704735319e+02,1.259337845266748218e+03,9.544218676009111846e+01
2.216155988857938723e+02,1.251770015517812681e+03,9.409547194083006616e+01
2.226183844011141844e+02,1.244247492134122467e+03,9.277184653849168683e+01
2.236211699164345248e+02,1.236770005965365726e+03,9.147089769491532252e+01
2.246239554317548652e+02,1.229337289434932472e+03,9.019222057130421888e+01
2.256267409470752057e+02,1.221949076531018136e+03,8.893541819366436130e+01
2.266295264623955461e+02,1.214605102797774862e+03,8.770010130144726190e+01
2.276323119777158581e+02,1.207305105326508283e+03,8.648588819934663263e+01
2.286350974930361986e+02,1.200048822746921360e+03,8.529240461219941949e+01
2.296378830083565390e+02,1.192835995218403013e+03,8.411928354294072108e+01
2.306406685236768794e+02,1.185666364421363596e+03,8.296616513356310918e+01
2.316434540389971914e+02,1.178539673548614701e+03,8.183269652903075553e+01
2.326462395543175319e+02,1.171455667296797174e+03,8.071853174409913834e+01
2.336490250696378723e+02,1.164414091857849144e+03,7.962333153299228172e+01
2.346518105849582128e+02,1.157414694910525213e+03,7.854676326188941005e+01
2.356545961002785532e+02,1.150457225611955664e+03,7.748850078417457610e+01
2.366573816155988652e+02,1.143541434589252049e+03,7.644822431840367472e+01
2.376601671309192056e+02,1.136667073931158029e+03,7.542562032894426238e+01
2.386629526462395461e+02,1.129833897179742507e+03,7.442038140924518075e+01
2.396657381615598865e+02,1.123041659322138230e+03,7.343220616769409048e+01
2.406685236768802270e+02,1.116290116782324276e+03,7.246079911602244294e+01
2.416713091922005390e+02,1.109579027412950381e+03,7.150587056021868193e+01
2.426740947075208794e+02,1.102908150487207195e+03,7.056713649391213039e+01
2.436768802228412198e+02,1.096277246690737911e+03,6.964431849419109710e+01
2.446796657381615603e+02,1.089686078113593567e+03,6.873714361982028720e+01
2.456824512534818723e+02,1.083134408242231757e+03,6.784534431182390790e+01
2.466852367688022127e+02,1.076622001951556740e+03,6.696865829640238132e+01
2.476880222841225532e+02,1.070148625497003195e+03,6.610682849015152840e+01
2.486908077994428936e+02,1.063714046506661589e+03,6.525960290755465110e+01
2.496935933147632340e+02,1.057318033973446518e+03,6.442673457071913390e+01
2.506963788300835461e+02,1.050960358247305294e+03,6.360798142133024413e+01
2.516991643454038865e+02,1.044640791027470186e+03,6.280310623479677190e+01
2.527019498607242269e+02,1.038359105354750227e+03,6.201187653656486276e+01
2.537047353760445674e+02,1.032115075603866444e+03,6.123406452058013372e+01
2.547075208913648794e+02,1.025908477475827112e+03,6.046944696988393275e+01
2.557103064066852198e+02,1.019739087990342568e+03,5.971780517934087840e+01
2.567130919220055603e+02,1.013606685478284135e+03,5.897892488051451210e+01
2.577158774373259007e+02,1.007511049574180788e+03,5.825259616874116375e+01
2.587186629526462411e+02,1.001451961208757439e+03,5.753861343249875659e+01
2.597214484679665816e+02,9.954292026015131114e+02,5.683677528520513533e+01
2.607242339832869220e+02,9.894425572533391460e+02,5.614688449950956795e+01
2.617270194986072056e+02,9.834918099391774149e+02,5.546874794136794407e+01
2.627298050139275460e+02,9.775767467007182177e+02,5.480217650067604040e+01
2.637325905292478865e+02,9.716971548391375109e+02,5.414698503606791036e+01
2.647353760445682269e+02,9.658528229078729055e+02,5.350299231917485088e+01
2.657381615598885674e+02,9.600435407054403640e+02,5.287002097745947538e+01
2.667409470752089078e+02,9.542690992682878459e+02,5.224789743916424811e+01
2.677437325905292482e+02,9.485292908636890843e+02,5.163645188087159710e+01
2.687465181058495887e+02,9.428239089826749932e+02,5.103551817765326604e+01
2.697493036211699291e+02,9.371527483330047517e+02,5.044493385569987254e+01
2.707520891364902127e+02,9.315156048321734943e+02,4.986454004587710642e+01
2.717548746518105531e+02,9.259122756004592247e+02,4.929418143882340786e+01
2.727576601671308936e+02,9.203425589540065630e+02,4.873370624707797560e+01
2.737604456824512340e+02,9.148062543979492602e+02,4.818296616627187490e+01
2.747632311977715744e+02,9.093031626195695480e+02,4.764181633832120610e+01
2.757660167130919149e+02,9.038330854814945496e+02,4.711011531756961546e+01
2.767688022284122553e+02,8.983958260149304351e+02,4.658772503962096323e+01
2.777715877437325958e+02,8.929911884129332975e+02,4.607451079283709561e+01
2.787743732590529362e+02,8.876189780237161813e+02,4.557034119255985871e+01
2.797771587743732198e+02,8.822790013439937411e+02,4.507508815815150172e+01
2.807799442896935602e+02,8.769710660123628259e+02,4.458862689296618953e+01
2.817827298050139007e+02,8.716949808027189874e+02,4.411083586738099882e+01
2.827855153203342411e+02,8.664505556177092558e+02,4.364159680502984173e+01
2.837883008356545815e+02,8.612376014822216348e+02,4.318079467240022495e+01
2.847910863509749220e+02,8.560559305369087042e+02,4.272831767197118324e+01
2.857938718662952624e+02,8.509053560317482834e+02,4.228405723909128255e+01
2.867966573816156028e+02,8.457856923196384287e+02,4.184790804281867338e+01
2.877994428969359433e+02,8.406967548500281282e+02,4.141976799097194117e+01
2.888022284122562269e+02,8.356383601625832398e+02,4.099953823966988864e+01
2.898050139275765673e+02,8.306103258808864211e+02,4.058712320767310899e+01
2.908077994428969077e+02,8.256124707061728714e+02,4.018243059587902621e+01
2.918105849582172482e+02,8.206446144110991554e+02,3.978537141236679275e+01
2.928133704735375886e+02,8.157065778335486357e+02,3.939586000344010586e+01
2.938161559888579291e+02,8.107981828704682812e+02,3.901381409117490051e+01
2.948189415041782695e+02,8.059192524717415154e+02,3.863915481804757235e+01
2.958217270194986099e+02,8.010696106340944880e+02,3.827180679929817586e+01
2.968245125348189504e+02,7.962490823950354297e+02,3.791169818377490941e+01
2.978272980501392908e+02,7.914574938268281130e+02,3.755876072411292910e+01
2.988300835654595744e+02,7.866946720304978271e+02,3.721292985722438829e+01
2.998328690807799148e+02,7.819604451298725962e+02,3.687414479622182739e+01
3.008356545961002553e+02,7.772546422656541836e+02,3.654234863506633246e+01
3.018384401114205957e+02,7.725770935895250204e+02,3.621748846743002304e+01
3.028412256267409361e+02,7.679276302582862854e+02,3.589951552149553038e+01
3.038440111420612766e+02,7.633060844280280435e+02,3.558838531268765593e+01
3.048467966573816170e+02,7.587122892483333771e+02,3.528405781665422580e+01
3.058495821727019575e+02,7.541460788565133271e+02,3.498649766519070425e+01
3.068523676880222979e+02,7.496072883718741195e+02,3.469567436824906537e+01
3.078551532033425815e+02,7.450957538900172494e+02,3.441156256569685468e+01
3.088579387186629219e+02,7.406113124771693492e+02,3.413414231311276126e+01
3.098607242339832624e+02,7.361538021645458230e+02,3.386339940663788894e+01
3.108635097493036028e+02,7.317230619427446072e+02,3.359932575276709343e+01
3.118662952646239432e+02,7.273189317561710823e+02,3.334191978998463668e+01
3.128690807799442837e+02,7.229412524974943608e+02,3.309118697034637080e+01
3.138718662952646241e+02,7.185898660021350679e+02,3.284714031050463490e+01
3.148746518105849646e+02,7.142646150427827934e+02,3.260980102290564986e+01
3.158774373259053050e+02,7.099653433239446940e+02,3.237919923134711553e+01
3.168802228412255886e+02,7.056918954765253602e+02,3.215537477834569557e+01
3.178830083565459290e+02,7.014441170524351037e+02,3.193837819876329576e+01
3.188857938718662695e+02,6.972218545192301917e+02,3.172827182753315256e+01
3.198885793871866099e+02,6.930249552547820713e+02,3.152513106637941576e+01
3.208913649025069503e+02,6.888532675419771749e+02,3.132904584859617358e+01
3.218941504178272908e+02,6.847066405634450348e+02,3.114012233634323223e+01
3.228969359331476312e+02,6.805849243963180015e+02,3.095848488920494646e+01
3.238997214484679716e+02,6.764879700070184754e+02,3.078427834988218237e+01
3.249025069637883121e+02,6.724156292460763780e+02,3.061767070122963830e+01
3.259052924791085957e+02,6.683677548429750459e+02,3.045885615870956187e+01
3.269080779944289361e+02,6.643442004010273649e+02,3.030805877405905591e+01
3.279108635097492765e+02,6.603448203922789617e+02,3.016553663998741541e+01
3.289136490250696170e+02,6.563694701524409538e+02,3.003158680255791779e+01
3.299164345403899574e+02,6.524180058758515770e+02,2.990655100822037227e+01
3.309192200557102979e+02,6.484902846104650962e+02,2.979082243706710642e+01
3.319220055710306383e+02,6.445861642528700486e+02,2.968485360381254878e+01
3.329247910863509787e+02,6.407055035433346575e+02,2.958916564452925257e+01
3.339275766016713192e+02,6.368481620608803269e+02,2.950435925190631892e+01
3.349303621169916028e+02,6.330140002183834440e+02,2.943112757669820212e+01
3.359331476323119432e+02,6.292028792577040122e+02,2.937027148049878633e+01
3.369359331476322836e+02,6.254146612448425913e+02,2.932271758711485177e+01
3.379387186629526241e+02,6.216492090651238414e+02,2.928953967878026532e+01
3.389415041782729645e+02,6.179063864184075783e+02,2.927198429530276869e+01
3.399442896935933049e+02,6.141860578143267730e+02,2.927150124523247854e+01
3.409470752089136454e+02,6.104880885675526088e+02,2.928978005690181163e+01
3.419498607242339858e+02,6.068123447930864813e+02,2.932879377017605549e+01
3.429526462395543263e+02,6.031586934015776933e+02,2.939085153716284893e+01
3.439554317548746099e+02,5.995270020946692284e+02,2.947866188868349369e+01
3.449582172701949503e+02,5.959171393603678553e+02,2.959540887121452712e+01
3.459610027855152907e+02,5.923289744684425386e+02,2.974484405691943678e+01
3.469637883008356312e+02,5.887623774658474076e+02,2.993139722869105412e+01
3.479665738161559716e+02,5.852172191721710988e+02,3.016030877117665199e+01
3.489693593314763120e+02,5.816933711751122473e+02,3.043778779651489685e+01
3.499721448467966525e+02,5.781907058259803307e+02,3.077099100692414524e+01
3.509749303621169929e+02,5.747090962352215229e+02,3.116715392209690805e+01
3.519777158774373333e+02,5.712484162679716064e+02,3.163299050272727797e+01
3.529805013927576738e+02,5.678085405396316219e+02,3.217582689427253229e+01
3.539832869080779574e+02,5.643893444114712565e+02,3.280270395903595215e+01
3.549860724233982978e+02,5.609907039862553120e+02,3.351882655222905072e+01
3.559888579387186383e+02,5.576124961038959782e+02,3.432884791809158997e+01
3.569916434540389787e+02,5.542545983371294369e+02,3.523741338000927215e+01
3.579944289693593191e+02,5.509168889872174759e+02,3.624922466616428096e+01
3.589972144846796596e+02,5.475992470796728639e+02,3.736909622161120126e+01
3.600000000000000000e+02,5.443015523600098504e+02,3.860200515388768849e+01
