# time, Quarantine, Isolation
0.000000000000000000e+00,5.000209293874127159e-01,5.000209293874127159e-01
1.002785515320334220e+00,5.000209293874127159e-01,5.000209293874127159e-01
2.005571030640668440e+00,5.000209293874127159e-01,5.000209293874127159e-01
3.008356545961002659e+00,5.000209293874127159e-01,5.000209293874127159e-01
4.011142061281336879e+00,5.000209293874127159e-01,5.000172415838276541e-01
5.013927576601671099e+00,5.000200895953696989e-01,5.000128488337600707e-01
6.016713091922005319e+00,5.000194690063839431e-01,5.000094011039966091e-01
7.019498607242339538e+00,5.000193677086236521e-01,5.000057181891895963e-01
8.022284122562673758e+00,5.000194201539210903e-01,5.000026363311779187e-01
9.025069637883007090e+00,5.000195028106756423e-01,5.000010219239353626e-01
1.002785515320334220e+01,5.000195759568555331e-01,4.999994827686321530e-01
1.103064066852367731e+01,5.000196286908262788e-01,4.999978600135249751e-01
1.203342618384401064e+01,5.000196597906620966e-01,4.999969813797358054e-01
1.303621169916434397e+01,5.000196710670777867e-01,4.999965146692844087e-01
1.403899721448467908e+01,5.000196650801467246e-01,4.999962669838066143e-01
1.504178272980501418e+01,5.000196443802221724e-01,4.999961274825868163e-01
1.604456824512534752e+01,5.000196112787800296e-01,4.999960335868489647e-01
1.704735376044568085e+01,5.000195678006414957e-01,4.999959509355363929e-01
1.805013927576601418e+01,5.000195156955795639e-01,4.999958615163679898e-01
1.905292479108635106e+01,5.000194564669125930e-01,4.999957566681878518e-01
2.005571030640668440e+01,5.000193914026679343e-01,4.999956329791025444e-01
2.105849582172701773e+01,5.000193216046963096e-01,4.999954898992309271e-01
2.206128133704735461e+01,5.000192480145168039e-01,4.999953283641841439e-01
2.306406685236768794e+01,5.000191714358201978e-01,4.999951500115396019e-01
2.406685236768802127e+01,5.000190925539064191e-01,4.999949567433729092e-01
2.506963788300835461e+01,5.000190119524261512e-01,4.999947504894114436e-01
2.607242339832868794e+01,5.000189301277753184e-01,4.999945330854518311e-01
2.707520891364902482e+01,5.000188475014696321e-01,4.999943062171426922e-01
2.807799442896935815e+01,5.000187644307770851e-01,4.999940714001023245e-01
2.908077994428969149e+01,5.000186812178540885e-01,4.999938299796021779e-01
3.008356545961002837e+01,5.000185981175933048e-01,4.999935831402371189e-01
3.108635097493036170e+01,5.000185153443676978e-01,4.999933319202151116e-01
3.208913649025069503e+01,5.000184330778219000e-01,4.999929458660115067e-01
3.309192200557102836e+01,5.000183514678495644e-01,4.999925163439299380e-01
3.409470752089136170e+01,5.000182706388661691e-01,4.999920816386304034e-01
3.509749303621169503e+01,5.000181906934809684e-01,4.999916427916569761e-01
3.610027855153202836e+01,5.000181117156496935e-01,4.999912007251686719e-01
3.710306406685236880e+01,5.000180337733823865e-01,4.999907562679660744e-01
3.810584958217270213e+01,5.000179569210685404e-01,4.999903101809067829e-01
3.910863509749303546e+01,5.000178812014737240e-01,4.999898631775862023e-01
4.011142061281336879e+01,5.000178066474533223e-01,4.999893920921595347e-01
4.111420612813370212e+01,5.000177332834245814e-01,4.999885168142275127e-01
4.211699164345403545e+01,5.000176611266284876e-01,4.999864892305151409e-01
4.311977715877436879e+01,5.000175901882144558e-01,4.973265167335804704e-01
4.412256267409470922e+01,5.000173696387002487e-01,4.937904781354607309e-01
4.512534818941504255e+01,5.000171479087009985e-01,4.907265960303306418e-01
4.612813370473537589e+01,5.000169289890932234e-01,4.878642153610946997e-01
4.713091922005570922e+01,5.000167129167997215e-01,4.850945769494652282e-01
4.813370473537604255e+01,5.000164997192401151e-01,4.823728396513294880e-01
4.913649025069637588e+01,5.000162894155955051e-01,4.796799378642862544e-01
5.013927576601670921e+01,5.000160820179045951e-01,4.770075048509859750e-01
5.114206128133704254e+01,5.000158775320157067e-01,4.743517803879162553e-01
5.214484679665737588e+01,5.000156759584126753e-01,4.717110718301082972e-01
5.314763231197771631e+01,5.000154772929331637e-01,4.690846527000781530e-01
5.415041782729804964e+01,5.000152815273918305e-01,4.664722616282646062e-01
5.515320334261838298e+01,5.000150886501231184e-01,4.638738627285968752e-01
5.615598885793871631e+01,5.000148986464515444e-01,4.612895256899576246e-01
5.715877437325904964e+01,5.000147114991032593e-01,4.587193637401424384e-01
5.816155988857938297e+01,5.000145271885617637e-01,4.561635010687636327e-01
5.916434540389971630e+01,5.000143456933795472e-01,4.536220559049052303e-01
6.016713091922005674e+01,5.000141669904489827e-01,4.510951321785464652e-01
6.116991643454039007e+01,5.000139910552386935e-01,4.485828159890207223e-01
6.217270194986072340e+01,5.000138178619993878e-01,4.460851747740153250e-01
6.317548746518105673e+01,5.000136473839444928e-01,4.436022576603927403e-01
6.417827298050139007e+01,5.000134795934073617e-01,4.411340941938658444e-01
6.518105849582173050e+01,5.000133144619794967e-01,4.386807043720132304e-01
6.618384401114205673e+01,5.000131519606305641e-01,4.362420885458472286e-01
6.718662952646239717e+01,5.000129920598149758e-01,4.338182358113032433e-01
6.818941504178272339e+01,5.000128347295642595e-01,4.314091267081309189e-01
6.919220055710306383e+01,5.000126799395694377e-01,4.290147308285490180e-01
7.019498607242339006e+01,5.000125276592520818e-01,4.266350096929074076e-01
7.119777158774373049e+01,5.000123778578282607e-01,4.242699178990888553e-01
7.220055710306405672e+01,5.000122305043644966e-01,4.219194040174909510e-01
7.320334261838439716e+01,5.000120855678271692e-01,4.195834114200550635e-01
7.420612813370473759e+01,5.000119430171259260e-01,4.172618790327879412e-01
7.520891364902506382e+01,5.000118028211532062e-01,4.149547420021111321e-01
7.621169916434540426e+01,5.000116649488181020e-01,4.126619322881251994e-01
7.721448467966573048e+01,5.000115293690775564e-01,4.103833792260551672e-01
7.821727019498607092e+01,5.000113960509632305e-01,4.081190101350054000e-01
7.922005571030639715e+01,5.000112649636062612e-01,4.058687510491214567e-01
8.022284122562673758e+01,5.000111360762590218e-01,4.036325272920471274e-01
8.122562674094707802e+01,5.000110093583144399e-01,4.014102616823976288e-01
8.222841225626740425e+01,5.000108847793236500e-01,3.992018604615995558e-01
8.323119777158774468e+01,5.000105823478059319e-01,3.970072217883584553e-01
8.423398328690807091e+01,5.000102791174535488e-01,3.948263274746920404e-01
8.523676880222841135e+01,5.000099793151414618e-01,3.926591008412236850e-01
8.623955431754873757e+01,5.000096829282549837e-01,3.905054459968871350e-01
8.724233983286907801e+01,5.000093899436089950e-01,3.883652712986323530e-01
8.824512534818941845e+01,5.000091003474624873e-01,3.862384897170936249e-01
8.924791086350974467e+01,5.000088141255293328e-01,3.841250166693902512e-01
9.025069637883008511e+01,5.000085312629911627e-01,3.820247687594017227e-01
9.125348189415041134e+01,5.000082517445081365e-01,3.799376632584542390e-01
9.225626740947075177e+01,5.000079755542296001e-01,3.778636179141167117e-01
9.325905292479107800e+01,5.000077026758064092e-01,3.758025508759383349e-01
9.426183844011141844e+01,5.000074330924010324e-01,3.737543806615387654e-01
9.526462395543174466e+01,5.000071667866995417e-01,3.717190261404483276e-01
9.626740947075208510e+01,5.000069037409226036e-01,3.696964065289846668e-01
9.727019498607242554e+01,5.000066439368375804e-01,3.676864413927661834e-01
9.827298050139275176e+01,5.000063873557699656e-01,3.656890506540277919e-01
9.927576601671309220e+01,5.000061339786163739e-01,3.637041546013557447e-01
1.002785515320334184e+02,5.000058837858556426e-01,3.617316739000931980e-01
1.012813370473537589e+02,5.000056367575625993e-01,3.597715296022984677e-01
1.022841225626740851e+02,5.000053928734207176e-01,3.578236431556383601e-01
1.032869080779944255e+02,5.000051521127343301e-01,3.558879364109361898e-01
1.042896935933147518e+02,5.000049144544428392e-01,3.539643316282919949e-01
1.052924791086350922e+02,5.000046798771328183e-01,3.520527514818029280e-01
1.062952646239554326e+02,5.000044483590500022e-01,3.501531190629543766e-01
1.072980501392757589e+02,5.000042198781116110e-01,3.482653578827741292e-01
1.083008356545960993e+02,5.000039944119142321e-01,3.463893918728297994e-01
1.093036211699164255e+02,5.000037719377395939e-01,3.445251453851311263e-01
1.103064066852367660e+02,5.000035524325529002e-01,3.426725431909602992e-01
1.113091922005570922e+02,5.000033358729902844e-01,3.408315104785878402e-01
1.123119777158774326e+02,5.000031222353242821e-01,3.390019728497560836e-01
1.133147632311977731e+02,5.000029114953968845e-01,3.371838563147426249e-01
1.143175487465180993e+02,5.000027036284876436e-01,3.353770872858682361e-01
1.153203342618384397e+02,5.000024986090745305e-01,3.335815925697074302e-01
1.163231197771587659e+02,5.000022964103931766e-01,3.317972993594019981e-01
1.173259052924791064e+02,5.000020970036291867e-01,3.300241352308432852e-01
1.183286908077994326e+02,5.000019003564132314e-01,3.282620281498612180e-01
1.193314763231197730e+02,5.000017064299737690e-01,3.265109064983282572e-01
1.203342618384401135e+02,5.000015151736211250e-01,3.247706991099790219e-01
1.213370473537604397e+02,5.000013265138203433e-01,3.230413352222732959e-01
1.223398328690807801e+02,5.000011403319997161e-01,3.213227439572171051e-01
1.233426183844011064e+02,5.000009564183802713e-01,3.196148520661518666e-01
1.243454038997214468e+02,5.000007743736484267e-01,3.179175991873237628e-01
1.253481894150417730e+02,5.000005997634028310e-01,3.162309132522293509e-01
1.263509749303621135e+02,5.000004340024616356e-01,3.145547194720597073e-01
1.273537604456824397e+02,5.000002617743533051e-01,3.128889323287942781e-01
1.283565459610027801e+02,4.999998873798582322e-01,3.112334669288702726e-01
1.293593314763231206e+02,4.999995156302312616e-01,3.095883082012845788e-01
1.303621169916434610e+02,4.999991467644536725e-01,3.079533959035776758e-01
1.313649025069637730e+02,4.999987809096041458e-01,3.063286494945328120e-01
1.323676880222841135e+02,4.999984181354057977e-01,3.047139892256142124e-01
1.333704735376044539e+02,4.999980584809963213e-01,3.031093389254445603e-01
1.343732590529247943e+02,4.999977019685141189e-01,3.015146248400997209e-01
1.353760445682451063e+02,4.999973486102488041e-01,2.999297742814937551e-01
1.363788300835654468e+02,4.999969984125494094e-01,2.983547147301987001e-01
1.373816155988857872e+02,4.999966513780415012e-01,2.967893733068121542e-01
1.383844011142061277e+02,4.999963075069271401e-01,2.952336764510267164e-01
1.393871866295264681e+02,4.999959667977691424e-01,2.936875497064475038e-01
1.403899721448467801e+02,4.999956292479751374e-01,2.921509175683420501e-01
1.413927576601671205e+02,4.999952948541006581e-01,2.906237033912166812e-01
1.423955431754874610e+02,4.999949636120393226e-01,2.891058293802071799e-01
1.433983286908078014e+02,4.999946355171428491e-01,2.875972167139919655e-01
1.444011142061281134e+02,4.999943105642936647e-01,2.860977858744975788e-01
1.454038997214484539e+02,4.999939887479493139e-01,2.846074572956928117e-01
1.464066852367687943e+02,4.999936700621635532e-01,2.831261524955474562e-01
1.474094707520891347e+02,4.999933545005937896e-01,2.816537959275560721e-01
1.484122562674094752e+02,4.999930420564968614e-01,2.801903178877537814e-01
1.494150417827297872e+02,4.999927327227113860e-01,2.787356589470025292e-01
1.504178272980501276e+02,4.999924264916300043e-01,2.772897765523005820e-01
1.514206128133704681e+02,4.999921233551536393e-01,2.758526546551340886e-01
1.524233983286908085e+02,4.999918233046246607e-01,2.744243174642511107e-01
1.534261838440111489e+02,4.999915263307282975e-01,2.730048486340789227e-01
1.544289693593314610e+02,4.999912324233464211e-01,2.715944172616447383e-01
1.554317548746518014e+02,4.999909415713410521e-01,2.701933116915198330e-01
1.564345403899721418e+02,4.999906537622285096e-01,2.688019807253780313e-01
1.574373259052924823e+02,4.999903689816884711e-01,2.674210781941872561e-01
1.584401114206127943e+02,4.999900872128087981e-01,2.660514985872896032e-01
1.594428969359331347e+02,4.999898084349118088e-01,2.646943738844491079e-01
1.604456824512534752e+02,4.999895326216975411e-01,2.633509659219404053e-01
1.614484679665738156e+02,4.999892597382519233e-01,2.620223173660291560e-01
1.624512534818941560e+02,4.999889897361335933e-01,2.607083850198373409e-01
1.634540389972144681e+02,4.999887225451378203e-01,2.594061099729809694e-01
1.644568245125348085e+02,4.999884580592105499e-01,2.581053634888808568e-01
1.654596100278551489e+02,4.989844745253275704e-01,2.567929084661004224e-01
1.664623955431754894e+02,4.960678180142234495e-01,2.554954557479242605e-01
1.674651810584958014e+02,4.936222727619807293e-01,2.542850744108119954e-01
1.684679665738161418e+02,4.913746750628548710e-01,2.531745311174743440e-01
1.694707520891364823e+02,4.892157797749031589e-01,2.521458757199810941e-01
1.704735376044568227e+02,4.871019862784153887e-01,2.511775171441235632e-01
1.714763231197771631e+02,4.850151059603468040e-01,2.502517647480115293e-01
1.724791086350974751e+02,4.829472941863446334e-01,2.493557488576108594e-01
1.734818941504178156e+02,4.808944058463872628e-01,2.484805334639757501e-01
1.744846796657381560e+02,4.788546801004152087e-01,2.476201686995409545e-01
1.754874651810584965e+02,4.768270428846019815e-01,2.467706884957782121e-01
1.764902506963788369e+02,4.748107669473992098e-01,2.459294516698500577e-01
1.774930362116991489e+02,4.728055819836798346e-01,2.450947409491357754e-01
1.784958217270194893e+02,4.708112208230788576e-01,2.442654077568445214e-01
1.794986072423398298e+02,4.688274515493696670e-01,2.434406969627791462e-01
1.805013927576601702e+02,4.668542680605632933e-01,2.426201382496120940e-01
1.815041782729804822e+02,4.648915282937131632e-01,2.418034030823214553e-01
1.825069637883008227e+02,4.629391586827995564e-01,2.409902687272736932e-01
1.835097493036211631e+02,4.609970916955723474e-01,2.401805873403515812e-01
1.845125348189415035e+02,4.590652585152127374e-01,2.393742583314964478e-01
1.855153203342618440e+02,4.571435884664664107e-01,2.385712102403327872e-01
1.865181058495821560e+02,4.552320083606912204e-01,2.377713894195450928e-01
1.875208913649024964e+02,4.533304416087516331e-01,2.369747527825319111e-01
1.885236768802228369e+02,4.514388074456506250e-01,2.361812627386544183e-01
1.895264623955431773e+02,4.495570219743545426e-01,2.353908826552297828e-01
1.905292479108634893e+02,4.476850020166241451e-01,2.346035941167873284e-01
1.915320334261838298e+02,4.458226583753524541e-01,2.338193626486829158e-01
1.925348189415041702e+02,4.439698966184274509e-01,2.330381502030132723e-01
1.935376044568245106e+02,4.421266217096350148e-01,2.322599293366543471e-01
1.945403899721448511e+02,4.402927362092042829e-01,2.314846699704403987e-01
1.955431754874651631e+02,4.384681410435116167e-01,2.307123407378784408e-01
1.965459610027855035e+02,4.366527525164081158e-01,2.299429068415992372e-01
1.975487465181058440e+02,4.348464349062185486e-01,2.291763283886693037e-01
1.985515320334261844e+02,4.330491061036189637e-01,2.284125747137207008e-01
1.995543175487464964e+02,4.312606656090689494e-01,2.276516130473600907e-01
2.005571030640668369e+02,4.294809999313279336e-01,2.268934047845014845e-01
2.015598885793871773e+02,4.277100036540657513e-01,2.261379108068964638e-01
2.025626740947075177e+02,4.259475704007135155e-01,2.253850924579165471e-01
2.035654596100278582e+02,4.241935925334927582e-01,2.246349109315614601e-01
2.045682451253481702e+02,4.224479616520286918e-01,2.238873269053789916e-01
2.055710306406685106e+02,4.207105688334877858e-01,2.231423004440871438e-01
2.065738161559888511e+02,4.189813047037980187e-01,2.223997910183094229e-01
2.075766016713091915e+02,4.172600594608689151e-01,2.216597575509903217e-01
2.085793871866295035e+02,4.155467228932880897e-01,2.209221584601901989e-01
2.095821727019498439e+02,4.138411843992476635e-01,2.201869516913781133e-01
2.105849582172701844e+02,4.121433330014420138e-01,2.194540947394217345e-01
2.115877437325905248e+02,4.104530573589260656e-01,2.187235446600380162e-01
2.125905292479108653e+02,4.087702457923947930e-01,2.179952580661275729e-01
2.135933147632311773e+02,4.070947863568297187e-01,2.172691910989845154e-01
2.145961002785515177e+02,4.054265669397292271e-01,2.165452993731842302e-01
2.155988857938718581e+02,4.037654748674105454e-01,2.158235379878058191e-01
2.166016713091921986e+02,4.021113931722847812e-01,2.151038621385685801e-01
2.176044568245125390e+02,4.004642165285432487e-01,2.143862275422089847e-01
2.186072423398328510e+02,3.988238260491289155e-01,2.136705871659114464e-01
2.196100278551531915e+02,3.971901064653310942e-01,2.129568937543630525e-01
2.206128133704735319e+02,3.955629451207308689e-01,2.122451007625715258e-01
2.216155988857938723e+02,3.939422267762251462e-01,2.115351611549098343e-01
2.226183844011141844e+02,3.923278357242031000e-01,2.108270271484380398e-01
2.236211699164345248e+02,3.907196558974870282e-01,2.101206503384801250e-01
2.246239554317548652e+02,3.891175707512651849e-01,2.094159817779255583e-01
2.256267409470752057e+02,3.875214631881678251e-01,2.087129719931677396e-01
2.266295264623955461e+02,3.859312155182226811e-01,2.080115709697583914e-01
2.276323119777158581e+02,3.843467094277313034e-01,2.073117281283466951e-01
2.286350974930361986e+02,3.827678259461489985e-01,2.066133922988793448e-01
2.296378830083565390e+02,3.811944454089862266e-01,2.059165116950510410e-01
2.306406685236768794e+02,3.796264474174280146e-01,2.052210338889533803e-01
2.316434540389971914e+02,3.780637107955049370e-01,2.045269057854338102e-01
2.326462395543175319e+02,3.765061135452272834e-01,2.038340735957215877e-01
2.336490250696378723e+02,3.749535327997624012e-01,2.031424828100063529e-01
2.346518105849582128e+02,3.734058447745735587e-01,2.024520781687548232e-01
2.356545961002785532e+02,3.718629247163856011e-01,2.017628036326176433e-01
2.366573816155988652e+02,3.703246468498360700e-01,2.010746023508140357e-01
2.376601671309192056e+02,3.687908843216766153e-01,2.003874166279039915e-01
2.386629526462395461e+02,3.672615091423913625e-01,1.997011878888668435e-01
2.396657381615598865e+02,3.657363921251006733e-01,1.990158566424149178e-01
2.406685236768802270e+02,3.642154028216169070e-01,1.983313624424739574e-01
2.416713091922005390e+02,3.626984094555197879e-01,1.976476438477730579e-01
2.426740947075208794e+02,3.611852788521272006e-01,1.969646383795005118e-01
2.436768802228412198e+02,3.596758763652476709e-01,1.962822824770040220e-01
2.446796657381615603e+02,3.581700658006335969e-01,1.956005114515406706e-01
2.456824512534818723e+02,3.566677093360786088e-01,1.949192594381147781e-01
2.466852367688022127e+02,3.551686674381626663e-01,1.942384593454667407e-01
2.476880222841225532e+02,3.536727987757035119e-01,1.935580428042734946e-01
2.486908077994428936e+02,3.521799601300496518e-01,1.928779401135622129e-01
2.496935933147632340e+02,3.506900063024170899e-01,1.921980801851506659e-01
2.506963788300835461e+02,3.492027900184627165e-01,1.915183904855391195e-01
2.516991643454038865e+02,3.477181618299963750e-01,1.908387969739496204e-01
2.527019498607242269e+02,3.462359700126340090e-01,1.901592240340019280e-01
2.537047353760445674e+02,3.447560604551567209e-01,1.894795943946522565e-01
2.547075208913648794e+02,3.432782765293865834e-01,1.887998290332828233e-01
2.557103064066852198e+02,3.418024589162967364e-01,1.881198470496876496e-01
2.567130919220055603e+02,3.403284453464473502e-01,1.874395654921952314e-01
2.577158774373259007e+02,3.388560702118275647e-01,1.867588990992076203e-01
2.587186629526462411e+02,3.373851641112100008e-01,1.860777598676544575e-01
2.597214484679665816e+02,3.359155538966723809e-01,1.853960562042464844e-01
2.607242339832869220e+02,3.344470655522815417e-01,1.847136909606487409e-01
2.617270194986072056e+02,3.329795271943096768e-01,1.840306029249398068e-01
2.627298050139275460e+02,3.315127535963532379e-01,1.833466704938143121e-01
2.637325905292478865e+02,3.300465550403511861e-01,1.826617911236545766e-01
2.647353760445682269e+02,3.285807407290458615e-01,1.819758665223305538e-01
2.657381615598885674e+02,3.271151163452672428e-01,1.812887933493390058e-01
2.667409470752089078e+02,3.256494828102180494e-01,1.806004641738196137e-01
2.677437325905292482e+02,3.241836354854549240e-01,1.799107678413952860e-01
2.687465181058495887e+02,3.227173614634443743e-01,1.792195900104187056e-01
2.697493036211699291e+02,3.212504455666223002e-01,1.785268139856920622e-01
2.707520891364902127e+02,3.197826814314752020e-01,1.778323187908128211e-01
2.717548746518105531e+02,3.183138223744049200e-01,1.771359757918363476e-01
2.727576601671308936e+02,3.168436417609755140e-01,1.764376544808453351e-01
2.737604456824512340e+02,3.153719000865319866e-01,1.757372209343667779e-01
2.747632311977715744e+02,3.138983495628854259e-01,1.750345363640307406e-01
2.757660167130919149e+02,3.124227348078231770e-01,1.743294567685729490e-01
2.767688022284122553e+02,3.109447925182043937e-01,1.736218327631997294e-01
2.777715877437325958e+02,3.094642509390208573e-01,1.729115093654487456e-01
2.787743732590529362e+02,3.079808293075629866e-01,1.721983257121401101e-01
2.797771587743732198e+02,3.064942372861725328e-01,1.714821147213229924e-01
2.807799442896935602e+02,3.050041743672793904e-01,1.707627027122501084e-01
2.817827298050139007e+02,3.035103292361022720e-01,1.700399089893808169e-01
2.827855153203342411e+02,3.020123790811831133e-01,1.693135453910412369e-01
2.837883008356545815e+02,3.005099888453955370e-01,1.685834158002119110e-01
2.847910863509749220e+02,2.990028104104128226e-01,1.678493156131395381e-01
2.857938718662952624e+02,2.974904817067899887e-01,1.671110311603231646e-01
2.867966573816156028e+02,2.959726257404015626e-01,1.663683390734726486e-01
2.877994428969359433e+02,2.944488495242513770e-01,1.656210055910398715e-01
2.888022284122562269e+02,2.929187429026843814e-01,1.648687857937773671e-01
2.898050139275765673e+02,2.913818772527425605e-01,1.641114227604159870e-01
2.908077994428969077e+02,2.898378040447521231e-01,1.633486466319330754e-01
2.918105849582172482e+02,2.882860532411134491e-01,1.625801735709621054e-01
2.928133704735375886e+02,2.867261315086032658e-01,1.618057046006259603e-01
2.938161559888579291e+02,2.851575202151915844e-01,1.610249243044102607e-01
2.948189415041782695e+02,2.835796731773091994e-01,1.602374993655600877e-01
2.958217270194986099e+02,2.819920141175641382e-01,1.594430769208255716e-01
2.968245125348189504e+02,2.803939337859502889e-01,1.586412826991059066e-01
2.978272980501392908e+02,2.787847866894807014e-01,1.578317189105724605e-01
2.988300835654595744e+02,2.771638873657260582e-01,1.570139618460792419e-01
2.998328690807799148e+02,2.755305061247728671e-01,1.561875591399954910e-01
3.008356545961002553e+02,2.738838641714166355e-01,1.553520266419008700e-01
3.018384401114205957e+02,2.722231280047458513e-01,1.545068448337501843e-01
3.028412256267409361e+02,2.705474029753890397e-01,1.536514547190204194e-01
3.038440111420612766e+02,2.688557258613003542e-01,1.527852530988867696e-01
3.048467966573816170e+02,2.671470563007179444e-01,1.519075871375268338e-01
3.058495821727019575e+02,2.654202668954955824e-01,1.510177481041498071e-01
3.068523676880222979e+02,2.636741317690756703e-01,1.501149641632159581e-01
3.078551532033425815e+02,2.619073133308797985e-01,1.491983920664652907e-01
3.088579387186629219e+02,2.601183469635666712e-01,1.482671075805807592e-01
3.098607242339832624e+02,2.583056233142142499e-01,1.473200944618747177e-01
3.108635097493036028e+02,2.564673678427324965e-01,1.463562317624008402e-01
3.118662952646239432e+02,2.546016172794439147e-01,1.453742792155882924e-01
3.128690807799442837e+02,2.527061927112453921e-01,1.443728603927830478e-01
3.138718662952646241e+02,2.507786692435264309e-01,1.433504432205353063e-01
3.148746518105849646e+02,2.488163417696973578e-01,1.423053242565741616e-01
3.158774373259053050e+02,2.468162325925746248e-01,1.412357029338147107e-01
3.168802228412255886e+02,2.447749406630395363e-01,1.401393575532884073e-01
3.178830083565459290e+02,2.426886306212049371e-01,1.390139183590420047e-01
3.188857938718662695e+02,2.405530343820506123e-01,1.378567253576972185e-01
3.198885793871866099e+02,2.383633380791060352e-01,1.366647928273996837e-01
3.208913649025069503e+02,2.361141134117037410e-01,1.354347685335045015e-01
3.218941504178272908e+02,2.337992384051454098e-01,1.341628898761700606e-01
3.228969359331476312e+02,2.314118088180403543e-01,1.328449366594441627e-01
3.238997214484679716e+02,2.289440406241123882e-01,1.314761806987191639e-01
3.249025069637883121e+02,2.263871638282429211e-01,1.300513328453668238e-01
3.259052924791085957e+02,2.237313080260965314e-01,1.285644883483078038e-01
3.269080779944289361e+02,2.209653804602635940e-01,1.270090718571220689e-01
3.279108635097492765e+02,2.180769378319559193e-01,1.253777838299652836e-01
3.289136490250696170e+02,2.150520538107245083e-01,1.236625506551780884e-01
3.299164345403899574e+02,2.118751850910133572e-01,1.218544814301970036e-01
3.309192200557102979e+02,2.085290400498479857e-01,1.199438350555115940e-01
3.319220055710306383e+02,2.049944556813088070e-01,1.179200020683684735e-01
3.329247910863509787e+02,2.012502906960866311e-01,1.157715064082788514e-01
3.339275766016713192e+02,1.972733457394219569e-01,1.134860329829480152e-01
3.349303621169916028e+02,1.930383259803293283e-01,1.110504873415669169e-01
3.359331476323119432e+02,1.885178674049051428e-01,1.084510937370177369e-01
3.369359331476322836e+02,1.836826293153680234e-01,1.056738297808781368e-01
3.379387186629526241e+02,1.785014376845592554e-01,1.027039049220815209e-01
3.389415041782729645e+02,1.729417065900503425e-01,9.952666336868232211e-02
3.399442896935933049e+02,1.669703000159453443e-01,9.612776055807391307e-02
3.409470752089136454e+02,1.605536837416401130e-01,9.249347642821881266e-02
3.419498607242339858e+02,1.536599107717193657e-01,8.861118046639276935e-02
3.429526462395543263e+02,1.462600684473345514e-01,8.446979615759768467e-02
3.439554317548746099e+02,1.383306390779889816e-01,8.006075107050031336e-02
3.449582172701949503e+02,1.298565395737029671e-01,7.537731505342598615e-02
3.459610027855152907e+02,1.208351977010388850e-01,7.041569628747959553e-02
3.469637883008356312e+02,1.112819401060269053e-01,6.517646490483999799e-02
3.479665738161559716e+02,1.012357380751022357e-01,5.966272665397763519e-02
3.489693593314763120e+02,9.076587521409074100e-02,5.388382067420272037e-02
3.499721448467966525e+02,7.997153956778051132e-02,5.003541896331393374e-02
3.509749303621169929e+02,6.894725030539911037e-02,5.003541896331393374e-02
3.519777158774373333e+02,5.778604199848710876e-02,5.003541896331393374e-02
3.529805013927576738e+02,5.003541896331393374e-02,5.003541896331393374e-02
3.539832869080779574e+02,5.003541896331393374e-02,5.003541896331393374e-02
3.549860724233982978e+02,5.003541896331393374e-02,5.003541896331393374e-02
3.559888579387186383e+02,5.003541896331393374e-02,5.003541896331393374e-02
3.569916434540389787e+02,5.003541896331393374e-02,5.003541896331393374e-02
3.579944289693593191e+02,5.003541896331393374e-02,5.003541896331393374e-02
3.589972144846796596e+02,5.003541896331393374e-02,5.003541896331393374e-02
3.600000000000000000e+02,5.003541896331393374e-02,5.003541896331393374e-02
